400
1
4
8
12
16
20
24
28
32
36
40
44
48
52
56
60
64
68
72
76
79
83
88
93
98
103
108
113
118
123
128
133
138
143
148
153
158
163
168
173
177
181
186
191
196
201
206
211
216
221
226
231
236
241
246
251
256
261
266
271
275
279
284
289
294
299
304
309
314
319
324
329
334
339
344
349
354
359
364
369
373
377
382
387
392
397
402
407
412
417
422
427
432
437
442
447
452
457
462
467
471
475
480
485
490
495
500
505
510
515
520
525
530
535
540
545
550
555
560
565
569
573
578
583
588
593
598
603
608
613
618
623
628
633
638
643
648
653
658
663
667
671
676
681
686
691
696
701
706
711
716
721
726
731
736
741
746
751
756
761
765
769
774
779
784
789
794
799
804
809
814
819
824
829
834
839
844
849
854
859
863
867
872
877
882
887
892
897
902
907
912
917
922
927
932
937
942
947
952
957
961
965
970
975
980
985
990
995
1000
1005
1010
1015
1020
1025
1030
1035
1040
1045
1050
1055
1059
1063
1068
1073
1078
1083
1088
1093
1098
1103
1108
1113
1118
1123
1128
1133
1138
1143
1148
1153
1157
1161
1166
1171
1176
1181
1186
1191
1196
1201
1206
1211
1216
1221
1226
1231
1236
1241
1246
1251
1255
1259
1264
1269
1274
1279
1284
1289
1294
1299
1304
1309
1314
1319
1324
1329
1334
1339
1344
1349
1353
1357
1362
1367
1372
1377
1382
1387
1392
1397
1402
1407
1412
1417
1422
1427
1432
1437
1442
1447
1451
1455
1460
1465
1470
1475
1480
1485
1490
1495
1500
1505
1510
1515
1520
1525
1530
1535
1540
1545
1549
1553
1558
1563
1568
1573
1578
1583
1588
1593
1598
1603
1608
1613
1618
1623
1628
1633
1638
1643
1647
1651
1656
1661
1666
1671
1676
1681
1686
1691
1696
1701
1706
1711
1716
1721
1726
1731
1736
1741
1745
1749
1754
1759
1764
1769
1774
1779
1784
1789
1794
1799
1804
1809
1814
1819
1824
1829
1834
1839
1843
1846
1850
1854
1858
1862
1866
1870
1874
1878
1882
1886
1890
1894
1898
1902
1906
1910
1914
1918
1921
1
2
21
2
1
3
22
3
2
4
23
4
3
5
24
5
4
6
25
6
5
7
26
7
6
8
27
8
7
9
28
9
8
10
29
10
9
11
30
11
10
12
31
12
11
13
32
13
12
14
33
14
13
15
34
15
14
16
35
16
15
17
36
17
16
18
37
18
17
19
38
19
18
20
39
20
19
40
21
22
1
41
22
21
23
2
42
23
22
24
3
43
24
23
25
4
44
25
24
26
5
45
26
25
27
6
46
27
26
28
7
47
28
27
29
8
48
29
28
30
9
49
30
29
31
10
50
31
30
32
11
51
32
31
33
12
52
33
32
34
13
53
34
33
35
14
54
35
34
36
15
55
36
35
37
16
56
37
36
38
17
57
38
37
39
18
58
39
38
40
19
59
40
39
20
60
41
42
21
61
42
41
43
22
62
43
42
44
23
63
44
43
45
24
64
45
44
46
25
65
46
45
47
26
66
47
46
48
27
67
48
47
49
28
68
49
48
50
29
69
50
49
51
30
70
51
50
52
31
71
52
51
53
32
72
53
52
54
33
73
54
53
55
34
74
55
54
56
35
75
56
55
57
36
76
57
56
58
37
77
58
57
59
38
78
59
58
60
39
79
60
59
40
80
61
62
41
81
62
61
63
42
82
63
62
64
43
83
64
63
65
44
84
65
64
66
45
85
66
65
67
46
86
67
66
68
47
87
68
67
69
48
88
69
68
70
49
89
70
69
71
50
90
71
70
72
51
91
72
71
73
52
92
73
72
74
53
93
74
73
75
54
94
75
74
76
55
95
76
75
77
56
96
77
76
78
57
97
78
77
79
58
98
79
78
80
59
99
80
79
60
100
81
82
61
101
82
81
83
62
102
83
82
84
63
103
84
83
85
64
104
85
84
86
65
105
86
85
87
66
106
87
86
88
67
107
88
87
89
68
108
89
88
90
69
109
90
89
91
70
110
91
90
92
71
111
92
91
93
72
112
93
92
94
73
113
94
93
95
74
114
95
94
96
75
115
96
95
97
76
116
97
96
98
77
117
98
97
99
78
118
99
98
100
79
119
100
99
80
120
101
102
81
121
102
101
103
82
122
103
102
104
83
123
104
103
105
84
124
105
104
106
85
125
106
105
107
86
126
107
106
108
87
127
108
107
109
88
128
109
108
110
89
129
110
109
111
90
130
111
110
112
91
131
112
111
113
92
132
113
112
114
93
133
114
113
115
94
134
115
114
116
95
135
116
115
117
96
136
117
116
118
97
137
118
117
119
98
138
119
118
120
99
139
120
119
100
140
121
122
101
141
122
121
123
102
142
123
122
124
103
143
124
123
125
104
144
125
124
126
105
145
126
125
127
106
146
127
126
128
107
147
128
127
129
108
148
129
128
130
109
149
130
129
131
110
150
131
130
132
111
151
132
131
133
112
152
133
132
134
113
153
134
133
135
114
154
135
134
136
115
155
136
135
137
116
156
137
136
138
117
157
138
137
139
118
158
139
138
140
119
159
140
139
120
160
141
142
121
161
142
141
143
122
162
143
142
144
123
163
144
143
145
124
164
145
144
146
125
165
146
145
147
126
166
147
146
148
127
167
148
147
149
128
168
149
148
150
129
169
150
149
151
130
170
151
150
152
131
171
152
151
153
132
172
153
152
154
133
173
154
153
155
134
174
155
154
156
135
175
156
155
157
136
176
157
156
158
137
177
158
157
159
138
178
159
158
160
139
179
160
159
140
180
161
162
141
181
162
161
163
142
182
163
162
164
143
183
164
163
165
144
184
165
164
166
145
185
166
165
167
146
186
167
166
168
147
187
168
167
169
148
188
169
168
170
149
189
170
169
171
150
190
171
170
172
151
191
172
171
173
152
192
173
172
174
153
193
174
173
175
154
194
175
174
176
155
195
176
175
177
156
196
177
176
178
157
197
178
177
179
158
198
179
178
180
159
199
180
179
160
200
181
182
161
201
182
181
183
162
202
183
182
184
163
203
184
183
185
164
204
185
184
186
165
205
186
185
187
166
206
187
186
188
167
207
188
187
189
168
208
189
188
190
169
209
190
189
191
170
210
191
190
192
171
211
192
191
193
172
212
193
192
194
173
213
194
193
195
174
214
195
194
196
175
215
196
195
197
176
216
197
196
198
177
217
198
197
199
178
218
199
198
200
179
219
200
199
180
220
201
202
181
221
202
201
203
182
222
203
202
204
183
223
204
203
205
184
224
205
204
206
185
225
206
205
207
186
226
207
206
208
187
227
208
207
209
188
228
209
208
210
189
229
210
209
211
190
230
211
210
212
191
231
212
211
213
192
232
213
212
214
193
233
214
213
215
194
234
215
214
216
195
235
216
215
217
196
236
217
216
218
197
237
218
217
219
198
238
219
218
220
199
239
220
219
200
240
221
222
201
241
222
221
223
202
242
223
222
224
203
243
224
223
225
204
244
225
224
226
205
245
226
225
227
206
246
227
226
228
207
247
228
227
229
208
248
229
228
230
209
249
230
229
231
210
250
231
230
232
211
251
232
231
233
212
252
233
232
234
213
253
234
233
235
214
254
235
234
236
215
255
236
235
237
216
256
237
236
238
217
257
238
237
239
218
258
239
238
240
219
259
240
239
220
260
241
242
221
261
242
241
243
222
262
243
242
244
223
263
244
243
245
224
264
245
244
246
225
265
246
245
247
226
266
247
246
248
227
267
248
247
249
228
268
249
248
250
229
269
250
249
251
230
270
251
250
252
231
271
252
251
253
232
272
253
252
254
233
273
254
253
255
234
274
255
254
256
235
275
256
255
257
236
276
257
256
258
237
277
258
257
259
238
278
259
258
260
239
279
260
259
240
280
261
262
241
281
262
261
263
242
282
263
262
264
243
283
264
263
265
244
284
265
264
266
245
285
266
265
267
246
286
267
266
268
247
287
268
267
269
248
288
269
268
270
249
289
270
269
271
250
290
271
270
272
251
291
272
271
273
252
292
273
272
274
253
293
274
273
275
254
294
275
274
276
255
295
276
275
277
256
296
277
276
278
257
297
278
277
279
258
298
279
278
280
259
299
280
279
260
300
281
282
261
301
282
281
283
262
302
283
282
284
263
303
284
283
285
264
304
285
284
286
265
305
286
285
287
266
306
287
286
288
267
307
288
287
289
268
308
289
288
290
269
309
290
289
291
270
310
291
290
292
271
311
292
291
293
272
312
293
292
294
273
313
294
293
295
274
314
295
294
296
275
315
296
295
297
276
316
297
296
298
277
317
298
297
299
278
318
299
298
300
279
319
300
299
280
320
301
302
281
321
302
301
303
282
322
303
302
304
283
323
304
303
305
284
324
305
304
306
285
325
306
305
307
286
326
307
306
308
287
327
308
307
309
288
328
309
308
310
289
329
310
309
311
290
330
311
310
312
291
331
312
311
313
292
332
313
312
314
293
333
314
313
315
294
334
315
314
316
295
335
316
315
317
296
336
317
316
318
297
337
318
317
319
298
338
319
318
320
299
339
320
319
300
340
321
322
301
341
322
321
323
302
342
323
322
324
303
343
324
323
325
304
344
325
324
326
305
345
326
325
327
306
346
327
326
328
307
347
328
327
329
308
348
329
328
330
309
349
330
329
331
310
350
331
330
332
311
351
332
331
333
312
352
333
332
334
313
353
334
333
335
314
354
335
334
336
315
355
336
335
337
316
356
337
336
338
317
357
338
337
339
318
358
339
338
340
319
359
340
339
320
360
341
342
321
361
342
341
343
322
362
343
342
344
323
363
344
343
345
324
364
345
344
346
325
365
346
345
347
326
366
347
346
348
327
367
348
347
349
328
368
349
348
350
329
369
350
349
351
330
370
351
350
352
331
371
352
351
353
332
372
353
352
354
333
373
354
353
355
334
374
355
354
356
335
375
356
355
357
336
376
357
356
358
337
377
358
357
359
338
378
359
358
360
339
379
360
359
340
380
361
362
341
381
362
361
363
342
382
363
362
364
343
383
364
363
365
344
384
365
364
366
345
385
366
365
367
346
386
367
366
368
347
387
368
367
369
348
388
369
368
370
349
389
370
369
371
350
390
371
370
372
351
391
372
371
373
352
392
373
372
374
353
393
374
373
375
354
394
375
374
376
355
395
376
375
377
356
396
377
376
378
357
397
378
377
379
358
398
379
378
380
359
399
380
379
360
400
381
382
361
382
381
383
362
383
382
384
363
384
383
385
364
385
384
386
365
386
385
387
366
387
386
388
367
388
387
389
368
389
388
390
369
390
389
391
370
391
390
392
371
392
391
393
372
393
392
394
373
394
393
395
374
395
394
396
375
396
395
397
376
397
396
398
377
398
397
399
378
399
398
400
379
400
399
380
1.764000000000000e+03
-4.410000000000000e+02
-4.410000000000000e+02
1.764000000000000e+03
-4.410000000000000e+02
-4.410000000000000e+02
-4.410000000000000e+02
1.764000000000000e+03
-4.410000000000000e+02
-4.410000000000000e+02
-4.410000000000000e+02
1.764000000000000e+03
-4.410000000000000e+02
-4.410000000000000e+02
-4.410000000000000e+02
1.764000000000000e+03
-4.410000000000000e+02
-4.410000000000000e+02
-4.410000000000000e+02
1.764000000000000e+03
-4.410000000000000e+02
-4.410000000000000e+02
-4.410000000000000e+02
1.764000000000000e+03
-4.410000000000000e+02
-4.410000000000000e+02
-4.410000000000000e+02
1.764000000000000e+03
-4.410000000000000e+02
-4.410000000000000e+02
-4.410000000000000e+02
1.764000000000000e+03
-4.410000000000000e+02
-4.410000000000000e+02
-4.410000000000000e+02
1.764000000000000e+03
-4.410000000000000e+02
-4.410000000000000e+02
-4.410000000000000e+02
1.764000000000000e+03
-4.410000000000000e+02
-4.410000000000000e+02
-4.410000000000000e+02
1.764000000000000e+03
-4.410000000000000e+02
-4.410000000000000e+02
-4.410000000000000e+02
1.764000000000000e+03
-4.410000000000000e+02
-4.410000000000000e+02
-4.410000000000000e+02
1.764000000000000e+03
-4.410000000000000e+02
-4.410000000000000e+02
-4.410000000000000e+02
1.764000000000000e+03
-4.410000000000000e+02
-4.410000000000000e+02
-4.410000000000000e+02
1.764000000000000e+03
-4.410000000000000e+02
-4.410000000000000e+02
-4.410000000000000e+02
1.764000000000000e+03
-4.410000000000000e+02
-4.410000000000000e+02
-4.410000000000000e+02
1.764000000000000e+03
-4.410000000000000e+02
-4.410000000000000e+02
-4.410000000000000e+02
1.764000000000000e+03
-4.410000000000000e+02
-4.410000000000000e+02
-4.410000000000000e+02
1.764000000000000e+03
-4.410000000000000e+02
-4.410000000000000e+02
1.764000000000000e+03
-4.410000000000000e+02
-4.410000000000000e+02
-4.410000000000000e+02
1.764000000000000e+03
-4.410000000000000e+02
-4.410000000000000e+02
-4.410000000000000e+02
-4.410000000000000e+02
1.764000000000000e+03
-4.410000000000000e+02
-4.410000000000000e+02
-4.410000000000000e+02
-4.410000000000000e+02
1.764000000000000e+03
-4.410000000000000e+02
-4.410000000000000e+02
-4.410000000000000e+02
-4.410000000000000e+02
1.764000000000000e+03
-4.410000000000000e+02
-4.410000000000000e+02
-4.410000000000000e+02
-4.410000000000000e+02
1.764000000000000e+03
-4.410000000000000e+02
-4.410000000000000e+02
-4.410000000000000e+02
-4.410000000000000e+02
1.764000000000000e+03
-4.410000000000000e+02
-4.410000000000000e+02
-4.410000000000000e+02
-4.410000000000000e+02
1.764000000000000e+03
-4.410000000000000e+02
-4.410000000000000e+02
-4.410000000000000e+02
-4.410000000000000e+02
1.764000000000000e+03
-4.410000000000000e+02
-4.410000000000000e+02
-4.410000000000000e+02
-4.410000000000000e+02
1.764000000000000e+03
-4.410000000000000e+02
-4.410000000000000e+02
-4.410000000000000e+02
-4.410000000000000e+02
1.764000000000000e+03
-4.410000000000000e+02
-4.410000000000000e+02
-4.410000000000000e+02
-4.410000000000000e+02
1.764000000000000e+03
-4.410000000000000e+02
-4.410000000000000e+02
-4.410000000000000e+02
-4.410000000000000e+02
1.764000000000000e+03
-4.410000000000000e+02
-4.410000000000000e+02
-4.410000000000000e+02
-4.410000000000000e+02
1.764000000000000e+03
-4.410000000000000e+02
-4.410000000000000e+02
-4.410000000000000e+02
-4.410000000000000e+02
1.764000000000000e+03
-4.410000000000000e+02
-4.410000000000000e+02
-4.410000000000000e+02
-4.410000000000000e+02
1.764000000000000e+03
-4.410000000000000e+02
-4.410000000000000e+02
-4.410000000000000e+02
-4.410000000000000e+02
1.764000000000000e+03
-4.410000000000000e+02
-4.410000000000000e+02
-4.410000000000000e+02
-4.410000000000000e+02
1.764000000000000e+03
-4.410000000000000e+02
-4.410000000000000e+02
-4.410000000000000e+02
-4.410000000000000e+02
1.764000000000000e+03
-4.410000000000000e+02
-4.410000000000000e+02
-4.410000000000000e+02
-4.410000000000000e+02
1.764000000000000e+03
-4.410000000000000e+02
-4.410000000000000e+02
-4.410000000000000e+02
1.764000000000000e+03
-4.410000000000000e+02
-4.410000000000000e+02
-4.410000000000000e+02
1.764000000000000e+03
-4.410000000000000e+02
-4.410000000000000e+02
-4.410000000000000e+02
-4.410000000000000e+02
1.764000000000000e+03
-4.410000000000000e+02
-4.410000000000000e+02
-4.410000000000000e+02
-4.410000000000000e+02
1.764000000000000e+03
-4.410000000000000e+02
-4.410000000000000e+02
-4.410000000000000e+02
-4.410000000000000e+02
1.764000000000000e+03
-4.410000000000000e+02
-4.410000000000000e+02
-4.410000000000000e+02
-4.410000000000000e+02
1.764000000000000e+03
-4.410000000000000e+02
-4.410000000000000e+02
-4.410000000000000e+02
-4.410000000000000e+02
1.764000000000000e+03
-4.410000000000000e+02
-4.410000000000000e+02
-4.410000000000000e+02
-4.410000000000000e+02
1.764000000000000e+03
-4.410000000000000e+02
-4.410000000000000e+02
-4.410000000000000e+02
-4.410000000000000e+02
1.764000000000000e+03
-4.410000000000000e+02
-4.410000000000000e+02
-4.410000000000000e+02
-4.410000000000000e+02
1.764000000000000e+03
-4.410000000000000e+02
-4.410000000000000e+02
-4.410000000000000e+02
-4.410000000000000e+02
1.764000000000000e+03
-4.410000000000000e+02
-4.410000000000000e+02
-4.410000000000000e+02
-4.410000000000000e+02
1.764000000000000e+03
-4.410000000000000e+02
-4.410000000000000e+02
-4.410000000000000e+02
-4.410000000000000e+02
1.764000000000000e+03
-4.410000000000000e+02
-4.410000000000000e+02
-4.410000000000000e+02
-4.410000000000000e+02
1.764000000000000e+03
-4.410000000000000e+02
-4.410000000000000e+02
-4.410000000000000e+02
-4.410000000000000e+02
1.764000000000000e+03
-4.410000000000000e+02
-4.410000000000000e+02
-4.410000000000000e+02
-4.410000000000000e+02
1.764000000000000e+03
-4.410000000000000e+02
-4.410000000000000e+02
-4.410000000000000e+02
-4.410000000000000e+02
1.764000000000000e+03
-4.410000000000000e+02
-4.410000000000000e+02
-4.410000000000000e+02
-4.410000000000000e+02
1.764000000000000e+03
-4.410000000000000e+02
-4.410000000000000e+02
-4.410000000000000e+02
-4.410000000000000e+02
1.764000000000000e+03
-4.410000000000000e+02
-4.410000000000000e+02
-4.410000000000000e+02
-4.410000000000000e+02
1.764000000000000e+03
-4.410000000000000e+02
-4.410000000000000e+02
-4.410000000000000e+02
1.764000000000000e+03
-4.410000000000000e+02
-4.410000000000000e+02
-4.410000000000000e+02
1.764000000000000e+03
-4.410000000000000e+02
-4.410000000000000e+02
-4.410000000000000e+02
-4.410000000000000e+02
1.764000000000000e+03
-4.410000000000000e+02
-4.410000000000000e+02
-4.410000000000000e+02
-4.410000000000000e+02
1.764000000000000e+03
-4.410000000000000e+02
-4.410000000000000e+02
-4.410000000000000e+02
-4.410000000000000e+02
1.764000000000000e+03
-4.410000000000000e+02
-4.410000000000000e+02
-4.410000000000000e+02
-4.410000000000000e+02
1.764000000000000e+03
-4.410000000000000e+02
-4.410000000000000e+02
-4.410000000000000e+02
-4.410000000000000e+02
1.764000000000000e+03
-4.410000000000000e+02
-4.410000000000000e+02
-4.410000000000000e+02
-4.410000000000000e+02
1.764000000000000e+03
-4.410000000000000e+02
-4.410000000000000e+02
-4.410000000000000e+02
-4.410000000000000e+02
1.764000000000000e+03
-4.410000000000000e+02
-4.410000000000000e+02
-4.410000000000000e+02
-4.410000000000000e+02
1.764000000000000e+03
-4.410000000000000e+02
-4.410000000000000e+02
-4.410000000000000e+02
-4.410000000000000e+02
1.764000000000000e+03
-4.410000000000000e+02
-4.410000000000000e+02
-4.410000000000000e+02
-4.410000000000000e+02
1.764000000000000e+03
-4.410000000000000e+02
-4.410000000000000e+02
-4.410000000000000e+02
-4.410000000000000e+02
1.764000000000000e+03
-4.410000000000000e+02
-4.410000000000000e+02
-4.410000000000000e+02
-4.410000000000000e+02
1.764000000000000e+03
-4.410000000000000e+02
-4.410000000000000e+02
-4.410000000000000e+02
-4.410000000000000e+02
1.764000000000000e+03
-4.410000000000000e+02
-4.410000000000000e+02
-4.410000000000000e+02
-4.410000000000000e+02
1.764000000000000e+03
-4.410000000000000e+02
-4.410000000000000e+02
-4.410000000000000e+02
-4.410000000000000e+02
1.764000000000000e+03
-4.410000000000000e+02
-4.410000000000000e+02
-4.410000000000000e+02
-4.410000000000000e+02
1.764000000000000e+03
-4.410000000000000e+02
-4.410000000000000e+02
-4.410000000000000e+02
-4.410000000000000e+02
1.764000000000000e+03
-4.410000000000000e+02
-4.410000000000000e+02
-4.410000000000000e+02
-4.410000000000000e+02
1.764000000000000e+03
-4.410000000000000e+02
-4.410000000000000e+02
-4.410000000000000e+02
1.764000000000000e+03
-4.410000000000000e+02
-4.410000000000000e+02
-4.410000000000000e+02
1.764000000000000e+03
-4.410000000000000e+02
-4.410000000000000e+02
-4.410000000000000e+02
-4.410000000000000e+02
1.764000000000000e+03
-4.410000000000000e+02
-4.410000000000000e+02
-4.410000000000000e+02
-4.410000000000000e+02
1.764000000000000e+03
-4.410000000000000e+02
-4.410000000000000e+02
-4.410000000000000e+02
-4.410000000000000e+02
1.764000000000000e+03
-4.410000000000000e+02
-4.410000000000000e+02
-4.410000000000000e+02
-4.410000000000000e+02
1.764000000000000e+03
-4.410000000000000e+02
-4.410000000000000e+02
-4.410000000000000e+02
-4.410000000000000e+02
1.764000000000000e+03
-4.410000000000000e+02
-4.410000000000000e+02
-4.410000000000000e+02
-4.410000000000000e+02
1.764000000000000e+03
-4.410000000000000e+02
-4.410000000000000e+02
-4.410000000000000e+02
-4.410000000000000e+02
1.764000000000000e+03
-4.410000000000000e+02
-4.410000000000000e+02
-4.410000000000000e+02
-4.410000000000000e+02
1.764000000000000e+03
-4.410000000000000e+02
-4.410000000000000e+02
-4.410000000000000e+02
-4.410000000000000e+02
1.764000000000000e+03
-4.410000000000000e+02
-4.410000000000000e+02
-4.410000000000000e+02
-4.410000000000000e+02
1.764000000000000e+03
-4.410000000000000e+02
-4.410000000000000e+02
-4.410000000000000e+02
-4.410000000000000e+02
1.764000000000000e+03
-4.410000000000000e+02
-4.410000000000000e+02
-4.410000000000000e+02
-4.410000000000000e+02
1.764000000000000e+03
-4.410000000000000e+02
-4.410000000000000e+02
-4.410000000000000e+02
-4.410000000000000e+02
1.764000000000000e+03
-4.410000000000000e+02
-4.410000000000000e+02
-4.410000000000000e+02
-4.410000000000000e+02
1.764000000000000e+03
-4.410000000000000e+02
-4.410000000000000e+02
-4.410000000000000e+02
-4.410000000000000e+02
1.764000000000000e+03
-4.410000000000000e+02
-4.410000000000000e+02
-4.410000000000000e+02
-4.410000000000000e+02
1.764000000000000e+03
-4.410000000000000e+02
-4.410000000000000e+02
-4.410000000000000e+02
-4.410000000000000e+02
1.764000000000000e+03
-4.410000000000000e+02
-4.410000000000000e+02
-4.410000000000000e+02
-4.410000000000000e+02
1.764000000000000e+03
-4.410000000000000e+02
-4.410000000000000e+02
-4.410000000000000e+02
1.764000000000000e+03
-4.410000000000000e+02
-4.410000000000000e+02
-4.410000000000000e+02
1.764000000000000e+03
-4.410000000000000e+02
-4.410000000000000e+02
-4.410000000000000e+02
-4.410000000000000e+02
1.764000000000000e+03
-4.410000000000000e+02
-4.410000000000000e+02
-4.410000000000000e+02
-4.410000000000000e+02
1.764000000000000e+03
-4.410000000000000e+02
-4.410000000000000e+02
-4.410000000000000e+02
-4.410000000000000e+02
1.764000000000000e+03
-4.410000000000000e+02
-4.410000000000000e+02
-4.410000000000000e+02
-4.410000000000000e+02
1.764000000000000e+03
-4.410000000000000e+02
-4.410000000000000e+02
-4.410000000000000e+02
-4.410000000000000e+02
1.764000000000000e+03
-4.410000000000000e+02
-4.410000000000000e+02
-4.410000000000000e+02
-4.410000000000000e+02
1.764000000000000e+03
-4.410000000000000e+02
-4.410000000000000e+02
-4.410000000000000e+02
-4.410000000000000e+02
1.764000000000000e+03
-4.410000000000000e+02
-4.410000000000000e+02
-4.410000000000000e+02
-4.410000000000000e+02
1.764000000000000e+03
-4.410000000000000e+02
-4.410000000000000e+02
-4.410000000000000e+02
-4.410000000000000e+02
1.764000000000000e+03
-4.410000000000000e+02
-4.410000000000000e+02
-4.410000000000000e+02
-4.410000000000000e+02
1.764000000000000e+03
-4.410000000000000e+02
-4.410000000000000e+02
-4.410000000000000e+02
-4.410000000000000e+02
1.764000000000000e+03
-4.410000000000000e+02
-4.410000000000000e+02
-4.410000000000000e+02
-4.410000000000000e+02
1.764000000000000e+03
-4.410000000000000e+02
-4.410000000000000e+02
-4.410000000000000e+02
-4.410000000000000e+02
1.764000000000000e+03
-4.410000000000000e+02
-4.410000000000000e+02
-4.410000000000000e+02
-4.410000000000000e+02
1.764000000000000e+03
-4.410000000000000e+02
-4.410000000000000e+02
-4.410000000000000e+02
-4.410000000000000e+02
1.764000000000000e+03
-4.410000000000000e+02
-4.410000000000000e+02
-4.410000000000000e+02
-4.410000000000000e+02
1.764000000000000e+03
-4.410000000000000e+02
-4.410000000000000e+02
-4.410000000000000e+02
-4.410000000000000e+02
1.764000000000000e+03
-4.410000000000000e+02
-4.410000000000000e+02
-4.410000000000000e+02
-4.410000000000000e+02
1.764000000000000e+03
-4.410000000000000e+02
-4.410000000000000e+02
-4.410000000000000e+02
1.764000000000000e+03
-4.410000000000000e+02
-4.410000000000000e+02
-4.410000000000000e+02
1.764000000000000e+03
-4.410000000000000e+02
-4.410000000000000e+02
-4.410000000000000e+02
-4.410000000000000e+02
1.764000000000000e+03
-4.410000000000000e+02
-4.410000000000000e+02
-4.410000000000000e+02
-4.410000000000000e+02
1.764000000000000e+03
-4.410000000000000e+02
-4.410000000000000e+02
-4.410000000000000e+02
-4.410000000000000e+02
1.764000000000000e+03
-4.410000000000000e+02
-4.410000000000000e+02
-4.410000000000000e+02
-4.410000000000000e+02
1.764000000000000e+03
-4.410000000000000e+02
-4.410000000000000e+02
-4.410000000000000e+02
-4.410000000000000e+02
1.764000000000000e+03
-4.410000000000000e+02
-4.410000000000000e+02
-4.410000000000000e+02
-4.410000000000000e+02
1.764000000000000e+03
-4.410000000000000e+02
-4.410000000000000e+02
-4.410000000000000e+02
-4.410000000000000e+02
1.764000000000000e+03
-4.410000000000000e+02
-4.410000000000000e+02
-4.410000000000000e+02
-4.410000000000000e+02
1.764000000000000e+03
-4.410000000000000e+02
-4.410000000000000e+02
-4.410000000000000e+02
-4.410000000000000e+02
1.764000000000000e+03
-4.410000000000000e+02
-4.410000000000000e+02
-4.410000000000000e+02
-4.410000000000000e+02
1.764000000000000e+03
-4.410000000000000e+02
-4.410000000000000e+02
-4.410000000000000e+02
-4.410000000000000e+02
1.764000000000000e+03
-4.410000000000000e+02
-4.410000000000000e+02
-4.410000000000000e+02
-4.410000000000000e+02
1.764000000000000e+03
-4.410000000000000e+02
-4.410000000000000e+02
-4.410000000000000e+02
-4.410000000000000e+02
1.764000000000000e+03
-4.410000000000000e+02
-4.410000000000000e+02
-4.410000000000000e+02
-4.410000000000000e+02
1.764000000000000e+03
-4.410000000000000e+02
-4.410000000000000e+02
-4.410000000000000e+02
-4.410000000000000e+02
1.764000000000000e+03
-4.410000000000000e+02
-4.410000000000000e+02
-4.410000000000000e+02
-4.410000000000000e+02
1.764000000000000e+03
-4.410000000000000e+02
-4.410000000000000e+02
-4.410000000000000e+02
-4.410000000000000e+02
1.764000000000000e+03
-4.410000000000000e+02
-4.410000000000000e+02
-4.410000000000000e+02
-4.410000000000000e+02
1.764000000000000e+03
-4.410000000000000e+02
-4.410000000000000e+02
-4.410000000000000e+02
1.764000000000000e+03
-4.410000000000000e+02
-4.410000000000000e+02
-4.410000000000000e+02
1.764000000000000e+03
-4.410000000000000e+02
-4.410000000000000e+02
-4.410000000000000e+02
-4.410000000000000e+02
1.764000000000000e+03
-4.410000000000000e+02
-4.410000000000000e+02
-4.410000000000000e+02
-4.410000000000000e+02
1.764000000000000e+03
-4.410000000000000e+02
-4.410000000000000e+02
-4.410000000000000e+02
-4.410000000000000e+02
1.764000000000000e+03
-4.410000000000000e+02
-4.410000000000000e+02
-4.410000000000000e+02
-4.410000000000000e+02
1.764000000000000e+03
-4.410000000000000e+02
-4.410000000000000e+02
-4.410000000000000e+02
-4.410000000000000e+02
1.764000000000000e+03
-4.410000000000000e+02
-4.410000000000000e+02
-4.410000000000000e+02
-4.410000000000000e+02
1.764000000000000e+03
-4.410000000000000e+02
-4.410000000000000e+02
-4.410000000000000e+02
-4.410000000000000e+02
1.764000000000000e+03
-4.410000000000000e+02
-4.410000000000000e+02
-4.410000000000000e+02
-4.410000000000000e+02
1.764000000000000e+03
-4.410000000000000e+02
-4.410000000000000e+02
-4.410000000000000e+02
-4.410000000000000e+02
1.764000000000000e+03
-4.410000000000000e+02
-4.410000000000000e+02
-4.410000000000000e+02
-4.410000000000000e+02
1.764000000000000e+03
-4.410000000000000e+02
-4.410000000000000e+02
-4.410000000000000e+02
-4.410000000000000e+02
1.764000000000000e+03
-4.410000000000000e+02
-4.410000000000000e+02
-4.410000000000000e+02
-4.410000000000000e+02
1.764000000000000e+03
-4.410000000000000e+02
-4.410000000000000e+02
-4.410000000000000e+02
-4.410000000000000e+02
1.764000000000000e+03
-4.410000000000000e+02
-4.410000000000000e+02
-4.410000000000000e+02
-4.410000000000000e+02
1.764000000000000e+03
-4.410000000000000e+02
-4.410000000000000e+02
-4.410000000000000e+02
-4.410000000000000e+02
1.764000000000000e+03
-4.410000000000000e+02
-4.410000000000000e+02
-4.410000000000000e+02
-4.410000000000000e+02
1.764000000000000e+03
-4.410000000000000e+02
-4.410000000000000e+02
-4.410000000000000e+02
-4.410000000000000e+02
1.764000000000000e+03
-4.410000000000000e+02
-4.410000000000000e+02
-4.410000000000000e+02
-4.410000000000000e+02
1.764000000000000e+03
-4.410000000000000e+02
-4.410000000000000e+02
-4.410000000000000e+02
1.764000000000000e+03
-4.410000000000000e+02
-4.410000000000000e+02
-4.410000000000000e+02
1.764000000000000e+03
-4.410000000000000e+02
-4.410000000000000e+02
-4.410000000000000e+02
-4.410000000000000e+02
1.764000000000000e+03
-4.410000000000000e+02
-4.410000000000000e+02
-4.410000000000000e+02
-4.410000000000000e+02
1.764000000000000e+03
-4.410000000000000e+02
-4.410000000000000e+02
-4.410000000000000e+02
-4.410000000000000e+02
1.764000000000000e+03
-4.410000000000000e+02
-4.410000000000000e+02
-4.410000000000000e+02
-4.410000000000000e+02
1.764000000000000e+03
-4.410000000000000e+02
-4.410000000000000e+02
-4.410000000000000e+02
-4.410000000000000e+02
1.764000000000000e+03
-4.410000000000000e+02
-4.410000000000000e+02
-4.410000000000000e+02
-4.410000000000000e+02
1.764000000000000e+03
-4.410000000000000e+02
-4.410000000000000e+02
-4.410000000000000e+02
-4.410000000000000e+02
1.764000000000000e+03
-4.410000000000000e+02
-4.410000000000000e+02
-4.410000000000000e+02
-4.410000000000000e+02
1.764000000000000e+03
-4.410000000000000e+02
-4.410000000000000e+02
-4.410000000000000e+02
-4.410000000000000e+02
1.764000000000000e+03
-4.410000000000000e+02
-4.410000000000000e+02
-4.410000000000000e+02
-4.410000000000000e+02
1.764000000000000e+03
-4.410000000000000e+02
-4.410000000000000e+02
-4.410000000000000e+02
-4.410000000000000e+02
1.764000000000000e+03
-4.410000000000000e+02
-4.410000000000000e+02
-4.410000000000000e+02
-4.410000000000000e+02
1.764000000000000e+03
-4.410000000000000e+02
-4.410000000000000e+02
-4.410000000000000e+02
-4.410000000000000e+02
1.764000000000000e+03
-4.410000000000000e+02
-4.410000000000000e+02
-4.410000000000000e+02
-4.410000000000000e+02
1.764000000000000e+03
-4.410000000000000e+02
-4.410000000000000e+02
-4.410000000000000e+02
-4.410000000000000e+02
1.764000000000000e+03
-4.410000000000000e+02
-4.410000000000000e+02
-4.410000000000000e+02
-4.410000000000000e+02
1.764000000000000e+03
-4.410000000000000e+02
-4.410000000000000e+02
-4.410000000000000e+02
-4.410000000000000e+02
1.764000000000000e+03
-4.410000000000000e+02
-4.410000000000000e+02
-4.410000000000000e+02
-4.410000000000000e+02
1.764000000000000e+03
-4.410000000000000e+02
-4.410000000000000e+02
-4.410000000000000e+02
1.764000000000000e+03
-4.410000000000000e+02
-4.410000000000000e+02
-4.410000000000000e+02
1.764000000000000e+03
-4.410000000000000e+02
-4.410000000000000e+02
-4.410000000000000e+02
-4.410000000000000e+02
1.764000000000000e+03
-4.410000000000000e+02
-4.410000000000000e+02
-4.410000000000000e+02
-4.410000000000000e+02
1.764000000000000e+03
-4.410000000000000e+02
-4.410000000000000e+02
-4.410000000000000e+02
-4.410000000000000e+02
1.764000000000000e+03
-4.410000000000000e+02
-4.410000000000000e+02
-4.410000000000000e+02
-4.410000000000000e+02
1.764000000000000e+03
-4.410000000000000e+02
-4.410000000000000e+02
-4.410000000000000e+02
-4.410000000000000e+02
1.764000000000000e+03
-4.410000000000000e+02
-4.410000000000000e+02
-4.410000000000000e+02
-4.410000000000000e+02
1.764000000000000e+03
-4.410000000000000e+02
-4.410000000000000e+02
-4.410000000000000e+02
-4.410000000000000e+02
1.764000000000000e+03
-4.410000000000000e+02
-4.410000000000000e+02
-4.410000000000000e+02
-4.410000000000000e+02
1.764000000000000e+03
-4.410000000000000e+02
-4.410000000000000e+02
-4.410000000000000e+02
-4.410000000000000e+02
1.764000000000000e+03
-4.410000000000000e+02
-4.410000000000000e+02
-4.410000000000000e+02
-4.410000000000000e+02
1.764000000000000e+03
-4.410000000000000e+02
-4.410000000000000e+02
-4.410000000000000e+02
-4.410000000000000e+02
1.764000000000000e+03
-4.410000000000000e+02
-4.410000000000000e+02
-4.410000000000000e+02
-4.410000000000000e+02
1.764000000000000e+03
-4.410000000000000e+02
-4.410000000000000e+02
-4.410000000000000e+02
-4.410000000000000e+02
1.764000000000000e+03
-4.410000000000000e+02
-4.410000000000000e+02
-4.410000000000000e+02
-4.410000000000000e+02
1.764000000000000e+03
-4.410000000000000e+02
-4.410000000000000e+02
-4.410000000000000e+02
-4.410000000000000e+02
1.764000000000000e+03
-4.410000000000000e+02
-4.410000000000000e+02
-4.410000000000000e+02
-4.410000000000000e+02
1.764000000000000e+03
-4.410000000000000e+02
-4.410000000000000e+02
-4.410000000000000e+02
-4.410000000000000e+02
1.764000000000000e+03
-4.410000000000000e+02
-4.410000000000000e+02
-4.410000000000000e+02
-4.410000000000000e+02
1.764000000000000e+03
-4.410000000000000e+02
-4.410000000000000e+02
-4.410000000000000e+02
1.764000000000000e+03
-4.410000000000000e+02
-4.410000000000000e+02
-4.410000000000000e+02
1.764000000000000e+03
-4.410000000000000e+02
-4.410000000000000e+02
-4.410000000000000e+02
-4.410000000000000e+02
1.764000000000000e+03
-4.410000000000000e+02
-4.410000000000000e+02
-4.410000000000000e+02
-4.410000000000000e+02
1.764000000000000e+03
-4.410000000000000e+02
-4.410000000000000e+02
-4.410000000000000e+02
-4.410000000000000e+02
1.764000000000000e+03
-4.410000000000000e+02
-4.410000000000000e+02
-4.410000000000000e+02
-4.410000000000000e+02
1.764000000000000e+03
-4.410000000000000e+02
-4.410000000000000e+02
-4.410000000000000e+02
-4.410000000000000e+02
1.764000000000000e+03
-4.410000000000000e+02
-4.410000000000000e+02
-4.410000000000000e+02
-4.410000000000000e+02
1.764000000000000e+03
-4.410000000000000e+02
-4.410000000000000e+02
-4.410000000000000e+02
-4.410000000000000e+02
1.764000000000000e+03
-4.410000000000000e+02
-4.410000000000000e+02
-4.410000000000000e+02
-4.410000000000000e+02
1.764000000000000e+03
-4.410000000000000e+02
-4.410000000000000e+02
-4.410000000000000e+02
-4.410000000000000e+02
1.764000000000000e+03
-4.410000000000000e+02
-4.410000000000000e+02
-4.410000000000000e+02
-4.410000000000000e+02
1.764000000000000e+03
-4.410000000000000e+02
-4.410000000000000e+02
-4.410000000000000e+02
-4.410000000000000e+02
1.764000000000000e+03
-4.410000000000000e+02
-4.410000000000000e+02
-4.410000000000000e+02
-4.410000000000000e+02
1.764000000000000e+03
-4.410000000000000e+02
-4.410000000000000e+02
-4.410000000000000e+02
-4.410000000000000e+02
1.764000000000000e+03
-4.410000000000000e+02
-4.410000000000000e+02
-4.410000000000000e+02
-4.410000000000000e+02
1.764000000000000e+03
-4.410000000000000e+02
-4.410000000000000e+02
-4.410000000000000e+02
-4.410000000000000e+02
1.764000000000000e+03
-4.410000000000000e+02
-4.410000000000000e+02
-4.410000000000000e+02
-4.410000000000000e+02
1.764000000000000e+03
-4.410000000000000e+02
-4.410000000000000e+02
-4.410000000000000e+02
-4.410000000000000e+02
1.764000000000000e+03
-4.410000000000000e+02
-4.410000000000000e+02
-4.410000000000000e+02
-4.410000000000000e+02
1.764000000000000e+03
-4.410000000000000e+02
-4.410000000000000e+02
-4.410000000000000e+02
1.764000000000000e+03
-4.410000000000000e+02
-4.410000000000000e+02
-4.410000000000000e+02
1.764000000000000e+03
-4.410000000000000e+02
-4.410000000000000e+02
-4.410000000000000e+02
-4.410000000000000e+02
1.764000000000000e+03
-4.410000000000000e+02
-4.410000000000000e+02
-4.410000000000000e+02
-4.410000000000000e+02
1.764000000000000e+03
-4.410000000000000e+02
-4.410000000000000e+02
-4.410000000000000e+02
-4.410000000000000e+02
1.764000000000000e+03
-4.410000000000000e+02
-4.410000000000000e+02
-4.410000000000000e+02
-4.410000000000000e+02
1.764000000000000e+03
-4.410000000000000e+02
-4.410000000000000e+02
-4.410000000000000e+02
-4.410000000000000e+02
1.764000000000000e+03
-4.410000000000000e+02
-4.410000000000000e+02
-4.410000000000000e+02
-4.410000000000000e+02
1.764000000000000e+03
-4.410000000000000e+02
-4.410000000000000e+02
-4.410000000000000e+02
-4.410000000000000e+02
1.764000000000000e+03
-4.410000000000000e+02
-4.410000000000000e+02
-4.410000000000000e+02
-4.410000000000000e+02
1.764000000000000e+03
-4.410000000000000e+02
-4.410000000000000e+02
-4.410000000000000e+02
-4.410000000000000e+02
1.764000000000000e+03
-4.410000000000000e+02
-4.410000000000000e+02
-4.410000000000000e+02
-4.410000000000000e+02
1.764000000000000e+03
-4.410000000000000e+02
-4.410000000000000e+02
-4.410000000000000e+02
-4.410000000000000e+02
1.764000000000000e+03
-4.410000000000000e+02
-4.410000000000000e+02
-4.410000000000000e+02
-4.410000000000000e+02
1.764000000000000e+03
-4.410000000000000e+02
-4.410000000000000e+02
-4.410000000000000e+02
-4.410000000000000e+02
1.764000000000000e+03
-4.410000000000000e+02
-4.410000000000000e+02
-4.410000000000000e+02
-4.410000000000000e+02
1.764000000000000e+03
-4.410000000000000e+02
-4.410000000000000e+02
-4.410000000000000e+02
-4.410000000000000e+02
1.764000000000000e+03
-4.410000000000000e+02
-4.410000000000000e+02
-4.410000000000000e+02
-4.410000000000000e+02
1.764000000000000e+03
-4.410000000000000e+02
-4.410000000000000e+02
-4.410000000000000e+02
-4.410000000000000e+02
1.764000000000000e+03
-4.410000000000000e+02
-4.410000000000000e+02
-4.410000000000000e+02
-4.410000000000000e+02
1.764000000000000e+03
-4.410000000000000e+02
-4.410000000000000e+02
-4.410000000000000e+02
1.764000000000000e+03
-4.410000000000000e+02
-4.410000000000000e+02
-4.410000000000000e+02
1.764000000000000e+03
-4.410000000000000e+02
-4.410000000000000e+02
-4.410000000000000e+02
-4.410000000000000e+02
1.764000000000000e+03
-4.410000000000000e+02
-4.410000000000000e+02
-4.410000000000000e+02
-4.410000000000000e+02
1.764000000000000e+03
-4.410000000000000e+02
-4.410000000000000e+02
-4.410000000000000e+02
-4.410000000000000e+02
1.764000000000000e+03
-4.410000000000000e+02
-4.410000000000000e+02
-4.410000000000000e+02
-4.410000000000000e+02
1.764000000000000e+03
-4.410000000000000e+02
-4.410000000000000e+02
-4.410000000000000e+02
-4.410000000000000e+02
1.764000000000000e+03
-4.410000000000000e+02
-4.410000000000000e+02
-4.410000000000000e+02
-4.410000000000000e+02
1.764000000000000e+03
-4.410000000000000e+02
-4.410000000000000e+02
-4.410000000000000e+02
-4.410000000000000e+02
1.764000000000000e+03
-4.410000000000000e+02
-4.410000000000000e+02
-4.410000000000000e+02
-4.410000000000000e+02
1.764000000000000e+03
-4.410000000000000e+02
-4.410000000000000e+02
-4.410000000000000e+02
-4.410000000000000e+02
1.764000000000000e+03
-4.410000000000000e+02
-4.410000000000000e+02
-4.410000000000000e+02
-4.410000000000000e+02
1.764000000000000e+03
-4.410000000000000e+02
-4.410000000000000e+02
-4.410000000000000e+02
-4.410000000000000e+02
1.764000000000000e+03
-4.410000000000000e+02
-4.410000000000000e+02
-4.410000000000000e+02
-4.410000000000000e+02
1.764000000000000e+03
-4.410000000000000e+02
-4.410000000000000e+02
-4.410000000000000e+02
-4.410000000000000e+02
1.764000000000000e+03
-4.410000000000000e+02
-4.410000000000000e+02
-4.410000000000000e+02
-4.410000000000000e+02
1.764000000000000e+03
-4.410000000000000e+02
-4.410000000000000e+02
-4.410000000000000e+02
-4.410000000000000e+02
1.764000000000000e+03
-4.410000000000000e+02
-4.410000000000000e+02
-4.410000000000000e+02
-4.410000000000000e+02
1.764000000000000e+03
-4.410000000000000e+02
-4.410000000000000e+02
-4.410000000000000e+02
-4.410000000000000e+02
1.764000000000000e+03
-4.410000000000000e+02
-4.410000000000000e+02
-4.410000000000000e+02
-4.410000000000000e+02
1.764000000000000e+03
-4.410000000000000e+02
-4.410000000000000e+02
-4.410000000000000e+02
1.764000000000000e+03
-4.410000000000000e+02
-4.410000000000000e+02
-4.410000000000000e+02
1.764000000000000e+03
-4.410000000000000e+02
-4.410000000000000e+02
-4.410000000000000e+02
-4.410000000000000e+02
1.764000000000000e+03
-4.410000000000000e+02
-4.410000000000000e+02
-4.410000000000000e+02
-4.410000000000000e+02
1.764000000000000e+03
-4.410000000000000e+02
-4.410000000000000e+02
-4.410000000000000e+02
-4.410000000000000e+02
1.764000000000000e+03
-4.410000000000000e+02
-4.410000000000000e+02
-4.410000000000000e+02
-4.410000000000000e+02
1.764000000000000e+03
-4.410000000000000e+02
-4.410000000000000e+02
-4.410000000000000e+02
-4.410000000000000e+02
1.764000000000000e+03
-4.410000000000000e+02
-4.410000000000000e+02
-4.410000000000000e+02
-4.410000000000000e+02
1.764000000000000e+03
-4.410000000000000e+02
-4.410000000000000e+02
-4.410000000000000e+02
-4.410000000000000e+02
1.764000000000000e+03
-4.410000000000000e+02
-4.410000000000000e+02
-4.410000000000000e+02
-4.410000000000000e+02
1.764000000000000e+03
-4.410000000000000e+02
-4.410000000000000e+02
-4.410000000000000e+02
-4.410000000000000e+02
1.764000000000000e+03
-4.410000000000000e+02
-4.410000000000000e+02
-4.410000000000000e+02
-4.410000000000000e+02
1.764000000000000e+03
-4.410000000000000e+02
-4.410000000000000e+02
-4.410000000000000e+02
-4.410000000000000e+02
1.764000000000000e+03
-4.410000000000000e+02
-4.410000000000000e+02
-4.410000000000000e+02
-4.410000000000000e+02
1.764000000000000e+03
-4.410000000000000e+02
-4.410000000000000e+02
-4.410000000000000e+02
-4.410000000000000e+02
1.764000000000000e+03
-4.410000000000000e+02
-4.410000000000000e+02
-4.410000000000000e+02
-4.410000000000000e+02
1.764000000000000e+03
-4.410000000000000e+02
-4.410000000000000e+02
-4.410000000000000e+02
-4.410000000000000e+02
1.764000000000000e+03
-4.410000000000000e+02
-4.410000000000000e+02
-4.410000000000000e+02
-4.410000000000000e+02
1.764000000000000e+03
-4.410000000000000e+02
-4.410000000000000e+02
-4.410000000000000e+02
-4.410000000000000e+02
1.764000000000000e+03
-4.410000000000000e+02
-4.410000000000000e+02
-4.410000000000000e+02
-4.410000000000000e+02
1.764000000000000e+03
-4.410000000000000e+02
-4.410000000000000e+02
-4.410000000000000e+02
1.764000000000000e+03
-4.410000000000000e+02
-4.410000000000000e+02
-4.410000000000000e+02
1.764000000000000e+03
-4.410000000000000e+02
-4.410000000000000e+02
-4.410000000000000e+02
-4.410000000000000e+02
1.764000000000000e+03
-4.410000000000000e+02
-4.410000000000000e+02
-4.410000000000000e+02
-4.410000000000000e+02
1.764000000000000e+03
-4.410000000000000e+02
-4.410000000000000e+02
-4.410000000000000e+02
-4.410000000000000e+02
1.764000000000000e+03
-4.410000000000000e+02
-4.410000000000000e+02
-4.410000000000000e+02
-4.410000000000000e+02
1.764000000000000e+03
-4.410000000000000e+02
-4.410000000000000e+02
-4.410000000000000e+02
-4.410000000000000e+02
1.764000000000000e+03
-4.410000000000000e+02
-4.410000000000000e+02
-4.410000000000000e+02
-4.410000000000000e+02
1.764000000000000e+03
-4.410000000000000e+02
-4.410000000000000e+02
-4.410000000000000e+02
-4.410000000000000e+02
1.764000000000000e+03
-4.410000000000000e+02
-4.410000000000000e+02
-4.410000000000000e+02
-4.410000000000000e+02
1.764000000000000e+03
-4.410000000000000e+02
-4.410000000000000e+02
-4.410000000000000e+02
-4.410000000000000e+02
1.764000000000000e+03
-4.410000000000000e+02
-4.410000000000000e+02
-4.410000000000000e+02
-4.410000000000000e+02
1.764000000000000e+03
-4.410000000000000e+02
-4.410000000000000e+02
-4.410000000000000e+02
-4.410000000000000e+02
1.764000000000000e+03
-4.410000000000000e+02
-4.410000000000000e+02
-4.410000000000000e+02
-4.410000000000000e+02
1.764000000000000e+03
-4.410000000000000e+02
-4.410000000000000e+02
-4.410000000000000e+02
-4.410000000000000e+02
1.764000000000000e+03
-4.410000000000000e+02
-4.410000000000000e+02
-4.410000000000000e+02
-4.410000000000000e+02
1.764000000000000e+03
-4.410000000000000e+02
-4.410000000000000e+02
-4.410000000000000e+02
-4.410000000000000e+02
1.764000000000000e+03
-4.410000000000000e+02
-4.410000000000000e+02
-4.410000000000000e+02
-4.410000000000000e+02
1.764000000000000e+03
-4.410000000000000e+02
-4.410000000000000e+02
-4.410000000000000e+02
-4.410000000000000e+02
1.764000000000000e+03
-4.410000000000000e+02
-4.410000000000000e+02
-4.410000000000000e+02
-4.410000000000000e+02
1.764000000000000e+03
-4.410000000000000e+02
-4.410000000000000e+02
-4.410000000000000e+02
1.764000000000000e+03
-4.410000000000000e+02
-4.410000000000000e+02
-4.410000000000000e+02
1.764000000000000e+03
-4.410000000000000e+02
-4.410000000000000e+02
-4.410000000000000e+02
-4.410000000000000e+02
1.764000000000000e+03
-4.410000000000000e+02
-4.410000000000000e+02
-4.410000000000000e+02
-4.410000000000000e+02
1.764000000000000e+03
-4.410000000000000e+02
-4.410000000000000e+02
-4.410000000000000e+02
-4.410000000000000e+02
1.764000000000000e+03
-4.410000000000000e+02
-4.410000000000000e+02
-4.410000000000000e+02
-4.410000000000000e+02
1.764000000000000e+03
-4.410000000000000e+02
-4.410000000000000e+02
-4.410000000000000e+02
-4.410000000000000e+02
1.764000000000000e+03
-4.410000000000000e+02
-4.410000000000000e+02
-4.410000000000000e+02
-4.410000000000000e+02
1.764000000000000e+03
-4.410000000000000e+02
-4.410000000000000e+02
-4.410000000000000e+02
-4.410000000000000e+02
1.764000000000000e+03
-4.410000000000000e+02
-4.410000000000000e+02
-4.410000000000000e+02
-4.410000000000000e+02
1.764000000000000e+03
-4.410000000000000e+02
-4.410000000000000e+02
-4.410000000000000e+02
-4.410000000000000e+02
1.764000000000000e+03
-4.410000000000000e+02
-4.410000000000000e+02
-4.410000000000000e+02
-4.410000000000000e+02
1.764000000000000e+03
-4.410000000000000e+02
-4.410000000000000e+02
-4.410000000000000e+02
-4.410000000000000e+02
1.764000000000000e+03
-4.410000000000000e+02
-4.410000000000000e+02
-4.410000000000000e+02
-4.410000000000000e+02
1.764000000000000e+03
-4.410000000000000e+02
-4.410000000000000e+02
-4.410000000000000e+02
-4.410000000000000e+02
1.764000000000000e+03
-4.410000000000000e+02
-4.410000000000000e+02
-4.410000000000000e+02
-4.410000000000000e+02
1.764000000000000e+03
-4.410000000000000e+02
-4.410000000000000e+02
-4.410000000000000e+02
-4.410000000000000e+02
1.764000000000000e+03
-4.410000000000000e+02
-4.410000000000000e+02
-4.410000000000000e+02
-4.410000000000000e+02
1.764000000000000e+03
-4.410000000000000e+02
-4.410000000000000e+02
-4.410000000000000e+02
-4.410000000000000e+02
1.764000000000000e+03
-4.410000000000000e+02
-4.410000000000000e+02
-4.410000000000000e+02
-4.410000000000000e+02
1.764000000000000e+03
-4.410000000000000e+02
-4.410000000000000e+02
-4.410000000000000e+02
1.764000000000000e+03
-4.410000000000000e+02
-4.410000000000000e+02
-4.410000000000000e+02
1.764000000000000e+03
-4.410000000000000e+02
-4.410000000000000e+02
-4.410000000000000e+02
-4.410000000000000e+02
1.764000000000000e+03
-4.410000000000000e+02
-4.410000000000000e+02
-4.410000000000000e+02
-4.410000000000000e+02
1.764000000000000e+03
-4.410000000000000e+02
-4.410000000000000e+02
-4.410000000000000e+02
-4.410000000000000e+02
1.764000000000000e+03
-4.410000000000000e+02
-4.410000000000000e+02
-4.410000000000000e+02
-4.410000000000000e+02
1.764000000000000e+03
-4.410000000000000e+02
-4.410000000000000e+02
-4.410000000000000e+02
-4.410000000000000e+02
1.764000000000000e+03
-4.410000000000000e+02
-4.410000000000000e+02
-4.410000000000000e+02
-4.410000000000000e+02
1.764000000000000e+03
-4.410000000000000e+02
-4.410000000000000e+02
-4.410000000000000e+02
-4.410000000000000e+02
1.764000000000000e+03
-4.410000000000000e+02
-4.410000000000000e+02
-4.410000000000000e+02
-4.410000000000000e+02
1.764000000000000e+03
-4.410000000000000e+02
-4.410000000000000e+02
-4.410000000000000e+02
-4.410000000000000e+02
1.764000000000000e+03
-4.410000000000000e+02
-4.410000000000000e+02
-4.410000000000000e+02
-4.410000000000000e+02
1.764000000000000e+03
-4.410000000000000e+02
-4.410000000000000e+02
-4.410000000000000e+02
-4.410000000000000e+02
1.764000000000000e+03
-4.410000000000000e+02
-4.410000000000000e+02
-4.410000000000000e+02
-4.410000000000000e+02
1.764000000000000e+03
-4.410000000000000e+02
-4.410000000000000e+02
-4.410000000000000e+02
-4.410000000000000e+02
1.764000000000000e+03
-4.410000000000000e+02
-4.410000000000000e+02
-4.410000000000000e+02
-4.410000000000000e+02
1.764000000000000e+03
-4.410000000000000e+02
-4.410000000000000e+02
-4.410000000000000e+02
-4.410000000000000e+02
1.764000000000000e+03
-4.410000000000000e+02
-4.410000000000000e+02
-4.410000000000000e+02
-4.410000000000000e+02
1.764000000000000e+03
-4.410000000000000e+02
-4.410000000000000e+02
-4.410000000000000e+02
-4.410000000000000e+02
1.764000000000000e+03
-4.410000000000000e+02
-4.410000000000000e+02
-4.410000000000000e+02
-4.410000000000000e+02
1.764000000000000e+03
-4.410000000000000e+02
-4.410000000000000e+02
-4.410000000000000e+02
1.764000000000000e+03
-4.410000000000000e+02
-4.410000000000000e+02
-4.410000000000000e+02
1.764000000000000e+03
-4.410000000000000e+02
-4.410000000000000e+02
-4.410000000000000e+02
-4.410000000000000e+02
1.764000000000000e+03
-4.410000000000000e+02
-4.410000000000000e+02
-4.410000000000000e+02
-4.410000000000000e+02
1.764000000000000e+03
-4.410000000000000e+02
-4.410000000000000e+02
-4.410000000000000e+02
-4.410000000000000e+02
1.764000000000000e+03
-4.410000000000000e+02
-4.410000000000000e+02
-4.410000000000000e+02
-4.410000000000000e+02
1.764000000000000e+03
-4.410000000000000e+02
-4.410000000000000e+02
-4.410000000000000e+02
-4.410000000000000e+02
1.764000000000000e+03
-4.410000000000000e+02
-4.410000000000000e+02
-4.410000000000000e+02
-4.410000000000000e+02
1.764000000000000e+03
-4.410000000000000e+02
-4.410000000000000e+02
-4.410000000000000e+02
-4.410000000000000e+02
1.764000000000000e+03
-4.410000000000000e+02
-4.410000000000000e+02
-4.410000000000000e+02
-4.410000000000000e+02
1.764000000000000e+03
-4.410000000000000e+02
-4.410000000000000e+02
-4.410000000000000e+02
-4.410000000000000e+02
1.764000000000000e+03
-4.410000000000000e+02
-4.410000000000000e+02
-4.410000000000000e+02
-4.410000000000000e+02
1.764000000000000e+03
-4.410000000000000e+02
-4.410000000000000e+02
-4.410000000000000e+02
-4.410000000000000e+02
1.764000000000000e+03
-4.410000000000000e+02
-4.410000000000000e+02
-4.410000000000000e+02
-4.410000000000000e+02
1.764000000000000e+03
-4.410000000000000e+02
-4.410000000000000e+02
-4.410000000000000e+02
-4.410000000000000e+02
1.764000000000000e+03
-4.410000000000000e+02
-4.410000000000000e+02
-4.410000000000000e+02
-4.410000000000000e+02
1.764000000000000e+03
-4.410000000000000e+02
-4.410000000000000e+02
-4.410000000000000e+02
-4.410000000000000e+02
1.764000000000000e+03
-4.410000000000000e+02
-4.410000000000000e+02
-4.410000000000000e+02
-4.410000000000000e+02
1.764000000000000e+03
-4.410000000000000e+02
-4.410000000000000e+02
-4.410000000000000e+02
-4.410000000000000e+02
1.764000000000000e+03
-4.410000000000000e+02
-4.410000000000000e+02
-4.410000000000000e+02
-4.410000000000000e+02
1.764000000000000e+03
-4.410000000000000e+02
-4.410000000000000e+02
-4.410000000000000e+02
1.764000000000000e+03
-4.410000000000000e+02
-4.410000000000000e+02
-4.410000000000000e+02
1.764000000000000e+03
-4.410000000000000e+02
-4.410000000000000e+02
-4.410000000000000e+02
-4.410000000000000e+02
1.764000000000000e+03
-4.410000000000000e+02
-4.410000000000000e+02
-4.410000000000000e+02
-4.410000000000000e+02
1.764000000000000e+03
-4.410000000000000e+02
-4.410000000000000e+02
-4.410000000000000e+02
-4.410000000000000e+02
1.764000000000000e+03
-4.410000000000000e+02
-4.410000000000000e+02
-4.410000000000000e+02
-4.410000000000000e+02
1.764000000000000e+03
-4.410000000000000e+02
-4.410000000000000e+02
-4.410000000000000e+02
-4.410000000000000e+02
1.764000000000000e+03
-4.410000000000000e+02
-4.410000000000000e+02
-4.410000000000000e+02
-4.410000000000000e+02
1.764000000000000e+03
-4.410000000000000e+02
-4.410000000000000e+02
-4.410000000000000e+02
-4.410000000000000e+02
1.764000000000000e+03
-4.410000000000000e+02
-4.410000000000000e+02
-4.410000000000000e+02
-4.410000000000000e+02
1.764000000000000e+03
-4.410000000000000e+02
-4.410000000000000e+02
-4.410000000000000e+02
-4.410000000000000e+02
1.764000000000000e+03
-4.410000000000000e+02
-4.410000000000000e+02
-4.410000000000000e+02
-4.410000000000000e+02
1.764000000000000e+03
-4.410000000000000e+02
-4.410000000000000e+02
-4.410000000000000e+02
-4.410000000000000e+02
1.764000000000000e+03
-4.410000000000000e+02
-4.410000000000000e+02
-4.410000000000000e+02
-4.410000000000000e+02
1.764000000000000e+03
-4.410000000000000e+02
-4.410000000000000e+02
-4.410000000000000e+02
-4.410000000000000e+02
1.764000000000000e+03
-4.410000000000000e+02
-4.410000000000000e+02
-4.410000000000000e+02
-4.410000000000000e+02
1.764000000000000e+03
-4.410000000000000e+02
-4.410000000000000e+02
-4.410000000000000e+02
-4.410000000000000e+02
1.764000000000000e+03
-4.410000000000000e+02
-4.410000000000000e+02
-4.410000000000000e+02
-4.410000000000000e+02
1.764000000000000e+03
-4.410000000000000e+02
-4.410000000000000e+02
-4.410000000000000e+02
-4.410000000000000e+02
1.764000000000000e+03
-4.410000000000000e+02
-4.410000000000000e+02
-4.410000000000000e+02
-4.410000000000000e+02
1.764000000000000e+03
-4.410000000000000e+02
-4.410000000000000e+02
-4.410000000000000e+02
1.764000000000000e+03
-4.410000000000000e+02
-4.410000000000000e+02
1.764000000000000e+03
-4.410000000000000e+02
-4.410000000000000e+02
-4.410000000000000e+02
1.764000000000000e+03
-4.410000000000000e+02
-4.410000000000000e+02
-4.410000000000000e+02
1.764000000000000e+03
-4.410000000000000e+02
-4.410000000000000e+02
-4.410000000000000e+02
1.764000000000000e+03
-4.410000000000000e+02
-4.410000000000000e+02
-4.410000000000000e+02
1.764000000000000e+03
-4.410000000000000e+02
-4.410000000000000e+02
-4.410000000000000e+02
1.764000000000000e+03
-4.410000000000000e+02
-4.410000000000000e+02
-4.410000000000000e+02
1.764000000000000e+03
-4.410000000000000e+02
-4.410000000000000e+02
-4.410000000000000e+02
1.764000000000000e+03
-4.410000000000000e+02
-4.410000000000000e+02
-4.410000000000000e+02
1.764000000000000e+03
-4.410000000000000e+02
-4.410000000000000e+02
-4.410000000000000e+02
1.764000000000000e+03
-4.410000000000000e+02
-4.410000000000000e+02
-4.410000000000000e+02
1.764000000000000e+03
-4.410000000000000e+02
-4.410000000000000e+02
-4.410000000000000e+02
1.764000000000000e+03
-4.410000000000000e+02
-4.410000000000000e+02
-4.410000000000000e+02
1.764000000000000e+03
-4.410000000000000e+02
-4.410000000000000e+02
-4.410000000000000e+02
1.764000000000000e+03
-4.410000000000000e+02
-4.410000000000000e+02
-4.410000000000000e+02
1.764000000000000e+03
-4.410000000000000e+02
-4.410000000000000e+02
-4.410000000000000e+02
1.764000000000000e+03
-4.410000000000000e+02
-4.410000000000000e+02
-4.410000000000000e+02
1.764000000000000e+03
-4.410000000000000e+02
-4.410000000000000e+02
-4.410000000000000e+02
1.764000000000000e+03
-4.410000000000000e+02
-4.410000000000000e+02
-4.410000000000000e+02
1.764000000000000e+03
-4.410000000000000e+02
-4.410000000000000e+02
