400
4.384788315411569e-01
8.671627705501423e-01
1.276475726208381e+00
1.657274323455766e+00
2.001052150880531e+00
2.300129779893767e+00
2.547826310474221e+00
2.738608611434923e+00
2.868214921430674e+00
2.933750049664147e+00
2.933750049664147e+00
2.868214921430674e+00
2.738608611434924e+00
2.547826310474222e+00
2.300129779893767e+00
2.001052150880532e+00
1.657274323455767e+00
1.276475726208381e+00
8.671627705501436e-01
4.384788315411577e-01
8.671627705501423e-01
1.714954557749538e+00
2.524437094005908e+00
3.277527877088911e+00
3.957404103349532e+00
4.548878461354752e+00
5.038738391328690e+00
5.416041231904894e+00
5.672358661099070e+00
5.801964971094820e+00
5.801964971094820e+00
5.672358661099071e+00
5.416041231904895e+00
5.038738391328691e+00
4.548878461354753e+00
3.957404103349534e+00
3.277527877088913e+00
2.524437094005909e+00
1.714954557749540e+00
8.671627705501440e-01
1.276475726208381e+00
2.524437094005909e+00
3.716006708630069e+00
4.824566873899675e+00
5.825354187563134e+00
6.696012714784457e+00
7.417093382785427e+00
7.972488440992838e+00
8.349791281569043e+00
8.540573582529746e+00
8.540573582529746e+00
8.349791281569043e+00
7.972488440992839e+00
7.417093382785429e+00
6.696012714784458e+00
5.825354187563136e+00
4.824566873899678e+00
3.716006708630071e+00
2.524437094005912e+00
1.276475726208383e+00
1.657274323455766e+00
3.277527877088912e+00
4.824566873899675e+00
6.263833019104290e+00
7.563175485334598e+00
8.693569108993808e+00
9.629762764448603e+00
1.035084343244957e+01
1.084070336242351e+01
1.108839989300396e+01
1.108839989300397e+01
1.084070336242351e+01
1.035084343244957e+01
9.629762764448605e+00
8.693569108993808e+00
7.563175485334602e+00
6.263833019104293e+00
4.824566873899676e+00
3.277527877088917e+00
1.657274323455769e+00
2.001052150880531e+00
3.957404103349532e+00
5.825354187563134e+00
7.563175485334598e+00
9.132047940534964e+00
1.049692553499875e+01
1.162731915865795e+01
1.249797768587928e+01
1.308945204388450e+01
1.338852967289773e+01
1.338852967289773e+01
1.308945204388450e+01
1.249797768587928e+01
1.162731915865796e+01
1.049692553499875e+01
9.132047940534969e+00
7.563175485334602e+00
5.825354187563136e+00
3.957404103349538e+00
2.001052150880535e+00
2.300129779893767e+00
4.548878461354753e+00
6.696012714784457e+00
8.693569108993808e+00
1.049692553499875e+01
1.206579799019911e+01
1.336514045642942e+01
1.436592777009288e+01
1.504580399635350e+01
1.538958182377826e+01
1.538958182377827e+01
1.504580399635350e+01
1.436592777009288e+01
1.336514045642942e+01
1.206579799019911e+01
1.049692553499875e+01
8.693569108993811e+00
6.696012714784459e+00
4.548878461354759e+00
2.300129779893771e+00
2.547826310474221e+00
5.038738391328690e+00
7.417093382785427e+00
9.629762764448603e+00
1.162731915865795e+01
1.336514045642942e+01
1.480440660163404e+01
1.591296676690364e+01
1.666605754998665e+01
1.704685614723403e+01
1.704685614723403e+01
1.666605754998665e+01
1.591296676690364e+01
1.480440660163404e+01
1.336514045642942e+01
1.162731915865796e+01
9.629762764448607e+00
7.417093382785429e+00
5.038738391328697e+00
2.547826310474226e+00
2.738608611434923e+00
5.416041231904894e+00
7.972488440992837e+00
1.035084343244957e+01
1.249797768587928e+01
1.436592777009288e+01
1.591296676690364e+01
1.710453638152780e+01
1.791401891778417e+01
1.832333187344241e+01
1.832333187344241e+01
1.791401891778417e+01
1.710453638152780e+01
1.591296676690364e+01
1.436592777009288e+01
1.249797768587928e+01
1.035084343244958e+01
7.972488440992839e+00
5.416041231904902e+00
2.738608611434929e+00
2.868214921430674e+00
5.672358661099071e+00
8.349791281569043e+00
1.084070336242351e+01
1.308945204388450e+01
1.504580399635350e+01
1.666605754998665e+01
1.791401891778417e+01
1.876181070498357e+01
1.919049464399255e+01
1.919049464399255e+01
1.876181070498357e+01
1.791401891778418e+01
1.666605754998665e+01
1.504580399635350e+01
1.308945204388450e+01
1.084070336242352e+01
8.349791281569045e+00
5.672358661099079e+00
2.868214921430679e+00
2.933750049664147e+00
5.801964971094820e+00
8.540573582529746e+00
1.108839989300396e+01
1.338852967289773e+01
1.538958182377826e+01
1.704685614723403e+01
1.832333187344241e+01
1.919049464399255e+01
1.962897347553371e+01
1.962897347553371e+01
1.919049464399255e+01
1.832333187344241e+01
1.704685614723403e+01
1.538958182377827e+01
1.338852967289774e+01
1.108839989300397e+01
8.540573582529747e+00
5.801964971094829e+00
2.933750049664153e+00
2.933750049664147e+00
5.801964971094820e+00
8.540573582529746e+00
1.108839989300396e+01
1.338852967289773e+01
1.538958182377826e+01
1.704685614723403e+01
1.832333187344241e+01
1.919049464399255e+01
1.962897347553371e+01
1.962897347553371e+01
1.919049464399255e+01
1.832333187344241e+01
1.704685614723403e+01
1.538958182377827e+01
1.338852967289774e+01
1.108839989300397e+01
8.540573582529747e+00
5.801964971094829e+00
2.933750049664153e+00
2.868214921430674e+00
5.672358661099071e+00
8.349791281569043e+00
1.084070336242351e+01
1.308945204388450e+01
1.504580399635350e+01
1.666605754998665e+01
1.791401891778417e+01
1.876181070498357e+01
1.919049464399255e+01
1.919049464399255e+01
1.876181070498357e+01
1.791401891778418e+01
1.666605754998665e+01
1.504580399635350e+01
1.308945204388450e+01
1.084070336242352e+01
8.349791281569045e+00
5.672358661099079e+00
2.868214921430679e+00
2.738608611434924e+00
5.416041231904895e+00
7.972488440992839e+00
1.035084343244957e+01
1.249797768587928e+01
1.436592777009288e+01
1.591296676690364e+01
1.710453638152780e+01
1.791401891778418e+01
1.832333187344242e+01
1.832333187344242e+01
1.791401891778418e+01
1.710453638152781e+01
1.591296676690365e+01
1.436592777009288e+01
1.249797768587928e+01
1.035084343244958e+01
7.972488440992841e+00
5.416041231904903e+00
2.738608611434929e+00
2.547826310474222e+00
5.038738391328691e+00
7.417093382785428e+00
9.629762764448603e+00
1.162731915865796e+01
1.336514045642942e+01
1.480440660163404e+01
1.591296676690364e+01
1.666605754998665e+01
1.704685614723403e+01
1.704685614723403e+01
1.666605754998665e+01
1.591296676690365e+01
1.480440660163404e+01
1.336514045642942e+01
1.162731915865796e+01
9.629762764448609e+00
7.417093382785430e+00
5.038738391328698e+00
2.547826310474226e+00
2.300129779893767e+00
4.548878461354753e+00
6.696012714784458e+00
8.693569108993808e+00
1.049692553499875e+01
1.206579799019911e+01
1.336514045642942e+01
1.436592777009288e+01
1.504580399635350e+01
1.538958182377827e+01
1.538958182377827e+01
1.504580399635350e+01
1.436592777009288e+01
1.336514045642942e+01
1.206579799019912e+01
1.049692553499875e+01
8.693569108993813e+00
6.696012714784460e+00
4.548878461354760e+00
2.300129779893771e+00
2.001052150880532e+00
3.957404103349534e+00
5.825354187563136e+00
7.563175485334602e+00
9.132047940534969e+00
1.049692553499875e+01
1.162731915865796e+01
1.249797768587928e+01
1.308945204388450e+01
1.338852967289774e+01
1.338852967289774e+01
1.308945204388450e+01
1.249797768587928e+01
1.162731915865796e+01
1.049692553499875e+01
9.132047940534973e+00
7.563175485334606e+00
5.825354187563138e+00
3.957404103349540e+00
2.001052150880536e+00
1.657274323455767e+00
3.277527877088914e+00
4.824566873899678e+00
6.263833019104293e+00
7.563175485334603e+00
8.693569108993811e+00
9.629762764448609e+00
1.035084343244958e+01
1.084070336242352e+01
1.108839989300397e+01
1.108839989300397e+01
1.084070336242352e+01
1.035084343244958e+01
9.629762764448611e+00
8.693569108993813e+00
7.563175485334606e+00
6.263833019104297e+00
4.824566873899679e+00
3.277527877088918e+00
1.657274323455770e+00
1.276475726208381e+00
2.524437094005909e+00
3.716006708630071e+00
4.824566873899676e+00
5.825354187563136e+00
6.696012714784459e+00
7.417093382785429e+00
7.972488440992840e+00
8.349791281569045e+00
8.540573582529747e+00
8.540573582529747e+00
8.349791281569045e+00
7.972488440992841e+00
7.417093382785430e+00
6.696012714784460e+00
5.825354187563138e+00
4.824566873899679e+00
3.716006708630072e+00
2.524437094005913e+00
1.276475726208384e+00
8.671627705501436e-01
1.714954557749540e+00
2.524437094005912e+00
3.277527877088916e+00
3.957404103349538e+00
4.548878461354759e+00
5.038738391328697e+00
5.416041231904902e+00
5.672358661099079e+00
5.801964971094829e+00
5.801964971094829e+00
5.672358661099079e+00
5.416041231904903e+00
5.038738391328698e+00
4.548878461354759e+00
3.957404103349540e+00
3.277527877088918e+00
2.524437094005913e+00
1.714954557749543e+00
8.671627705501452e-01
4.384788315411578e-01
8.671627705501441e-01
1.276475726208383e+00
1.657274323455769e+00
2.001052150880535e+00
2.300129779893771e+00
2.547826310474226e+00
2.738608611434929e+00
2.868214921430679e+00
2.933750049664153e+00
2.933750049664153e+00
2.868214921430679e+00
2.738608611434929e+00
2.547826310474226e+00
2.300129779893771e+00
2.001052150880536e+00
1.657274323455770e+00
1.276475726208384e+00
8.671627705501453e-01
4.384788315411586e-01
